$$SDEAN,0,08:30:13,0.00000,0.00000,0,1,0,5.0
$$SDEAN,1,08:30:26,0.00000,0.00000,0,1,0,5.0
$$SDEAN,2,08:30:39,51.79355,-2.62581,334,3,4,5.0
$$SDEAN,3,08:30:53,51.79350,-2.62589,329,1,0,5.0
$$SDEAN,4,08:31:07,51.79320,-2.62642,251,3,5,5.0
$$SDEAN,5,08:31:21,51.79318,-2.62645,254,3,5,5.0
$$SDEAN,6,08:31:34,51.79319,-2.62644,252,3,5,5.0
$$SDEAN,7,08:31:48,51.79319,-2.62643,253,3,5,5.0
$$SDEAN,8,08:32:02,51.79322,-2.62638,257,3,5,5.0
$$SDEAN,9,08:32:16,51.79323,-2.62636,256,3,5,5.0
$$SDEAN,10,08:32:30,51.79323,-2.62639,255,3,6,5.0
$$SDEAN,11,08:32:44,51.79324,-2.62638,251,3,6,5.0
$$SDEAN,12,08:32:58,51.79323,-2.62641,256,3,6,5.0
$$SDEAN,13,08:33:12,51.79325,-2.62640,262,3,5,5.0
$$SDEAN,14,08:33:27,51.79323,-2.62639,256,3,6,5.0
$$SDEAN,15,08:33:41,51.79324,-2.62639,262,3,6,5.0
$$SDEAN,16,08:33:55,51.79324,-2.62639,260,3,6,5.0
$$SDEAN,17,08:34:09,51.79325,-2.62638,260,3,6,5.0
$$SDEAN,18,08:34:23,51.79324,-2.62638,258,3,6,5.0
$$SDEAN,19,08:34:37,51.79322,-2.62640,257,3,7,5.0
$$SDEAN,20,08:34:51,51.79320,-2.62641,257,3,7,5.0
$$SDEAN,21,08:35:05,51.79321,-2.62641,258,3,7,5.0
$$SDEAN,22,08:35:19,51.79321,-2.62640,258,3,7,5.0
$$SDEAN,23,08:35:34,51.79321,-2.62640,261,3,8,5.0
$$SDEAN,24,08:35:48,51.79323,-2.62637,263,3,8,5.0
$$SDEAN,25,08:36:02,51.79323,-2.62639,262,3,8,5.0
$$SDEAN,26,08:36:16,51.79321,-2.62641,259,3,8,5.0
$$SDEAN,27,08:36:30,51.79322,-2.62638,258,3,8,5.0
$$SDEAN,28,08:36:44,51.79324,-2.62636,259,3,8,5.0
$$SDEAN,29,08:36:58,51.79324,-2.62635,259,3,7,5.0
$$SDEAN,30,08:37:12,51.79324,-2.62634,258,3,7,5.0
$$SDEAN,31,08:37:27,51.79323,-2.62636,258,3,8,5.0
$$SDEAN,32,08:37:41,51.79323,-2.62636,259,3,8,5.0
$$SDEAN,33,08:37:55,51.79323,-2.62637,258,3,8,5.0
$$SDEAN,34,08:38:09,51.79323,-2.62635,256,3,8,5.0
$$SDEAN,35,08:38:23,51.79323,-2.62636,257,3,9,5.0
$$SDEAN,36,08:38:37,51.79323,-2.62637,258,3,9,5.0
$$SDEAN,37,08:38:51,51.79324,-2.62635,259,3,8,5.0
$$SDEAN,38,08:39:05,51.79324,-2.62636,258,3,8,5.0
$$SDEAN,39,08:39:19,51.79323,-2.62636,259,3,8,5.0
$$SDEAN,40,08:39:34,51.79325,-2.62635,260,3,9,5.0
$$SDEAN,41,08:39:48,51.79324,-2.62636,259,3,9,5.0
$$SDEAN,42,08:40:02,51.79324,-2.62635,257,3,9,5.0
$$SDEAN,43,08:40:16,51.79324,-2.62634,256,3,9,5.0
$$SDEAN,44,08:40:30,51.79325,-2.62634,254,3,9,5.0
$$SDEAN,45,08:40:44,51.79326,-2.62635,252,3,9,5.0
$$SDEAN,46,08:40:58,51.79326,-2.62634,252,3,7,5.0
$$SDEAN,47,08:41:11,51.79325,-2.62633,252,3,7,5.0
$$SDEAN,48,08:41:26,51.79326,-2.62634,255,3,9,5.0
$$SDEAN,49,08:41:40,51.79327,-2.62633,252,3,9,5.0
$$SDEAN,50,08:41:54,51.79327,-2.62630,252,3,8,5.0
$$SDEAN,51,08:42:08,51.79325,-2.62630,253,3,9,5.0
$$SDEAN,52,08:42:22,51.79326,-2.62631,253,3,6,5.0
$$SDEAN,53,08:42:36,51.79326,-2.62632,255,3,6,5.0
$$SDEAN,54,08:42:50,51.79322,-2.62631,252,3,9,5.0
$$SDEAN,55,08:43:04,51.79322,-2.62629,254,3,9,5.0
$$SDEAN,56,08:43:18,51.79323,-2.62629,255,3,9,5.0
$$SDEAN,57,08:43:33,51.79321,-2.62629,256,3,9,5.0
$$SDEAN,58,08:43:47,51.79320,-2.62628,261,3,9,5.0
$$SDEAN,59,08:44:01,51.79321,-2.62629,264,3,9,5.0
$$SDEAN,60,08:44:15,51.79320,-2.62630,262,3,10,5.0
$$SDEAN,61,08:44:29,51.79320,-2.62627,258,3,10,5.0
$$SDEAN,62,08:44:44,51.79319,-2.62628,258,3,10,5.0
$$SDEAN,63,08:44:58,51.79319,-2.62628,257,3,9,5.0
$$SDEAN,64,08:45:12,51.79319,-2.62630,258,3,8,5.0
$$SDEAN,65,08:45:26,51.79319,-2.62632,256,3,9,5.0
$$SDEAN,66,08:45:40,51.79319,-2.62631,263,3,9,5.0
$$SDEAN,67,08:45:54,51.79320,-2.62628,261,3,6,5.0
$$SDEAN,68,08:46:08,51.79320,-2.62627,260,3,9,5.0
$$SDEAN,69,08:46:23,51.79320,-2.62630,256,3,9,5.0
$$SDEAN,70,08:46:37,51.79319,-2.62633,259,3,7,5.0
$$SDEAN,71,08:46:51,51.79320,-2.62631,261,3,9,5.0
$$SDEAN,72,08:47:05,51.79319,-2.62631,258,3,8,5.0
$$SDEAN,73,08:47:19,51.79318,-2.62632,256,3,8,5.0
$$SDEAN,74,08:47:33,51.79319,-2.62632,257,3,9,5.0
$$SDEAN,75,08:47:47,51.79319,-2.62631,255,3,9,5.0
$$SDEAN,76,08:48:01,51.79318,-2.62633,253,3,9,5.0
$$SDEAN,77,08:48:15,51.79319,-2.62635,252,3,8,5.0
$$SDEAN,78,08:48:30,51.79318,-2.62634,253,3,9,5.0
$$SDEAN,79,08:48:44,51.79319,-2.62634,253,3,8,5.0
$$SDEAN,80,08:48:58,51.79319,-2.62633,255,3,9,5.0
$$SDEAN,81,08:49:12,51.79320,-2.62631,253,3,8,5.0
$$SDEAN,82,08:49:26,51.79320,-2.62631,251,3,9,5.0
$$SDEAN,83,08:49:40,51.79320,-2.62630,252,3,9,5.0
$$SDEAN,84,08:49:54,51.79320,-2.62631,254,3,9,5.0
$$SDEAN,85,08:50:08,51.79320,-2.62633,255,3,8,5.0
$$SDEAN,86,08:50:23,51.79320,-2.62635,255,3,7,5.0
$$SDEAN,87,08:50:37,51.79320,-2.62636,252,3,9,5.0
$$SDEAN,88,08:50:51,51.79319,-2.62634,252,3,8,5.0
$$SDEAN,89,08:51:05,51.79319,-2.62634,254,3,9,5.0
$$SDEAN,90,08:51:19,51.79320,-2.62634,253,3,9,5.0
$$SDEAN,91,08:51:33,51.79319,-2.62633,254,3,9,5.0
$$SDEAN,92,08:51:47,51.79319,-2.62634,252,3,8,5.0
$$SDEAN,93,08:52:01,51.79319,-2.62632,254,3,9,5.0
$$SDEAN,94,08:52:15,51.79319,-2.62633,253,3,9,5.0
$$SDEAN,95,08:52:30,51.79319,-2.62635,255,3,9,5.0
$$SDEAN,96,08:52:44,51.79319,-2.62634,256,3,8,5.0
$$SDEAN,97,08:52:58,51.79319,-2.62633,257,3,9,5.0
$$SDEAN,98,08:53:12,51.79319,-2.62632,259,3,9,5.0
$$SDEAN,99,08:53:26,51.79320,-2.62631,259,3,8,5.0
$$SDEAN,100,08:53:40,51.79321,-2.62632,256,3,9,5.0
$$SDEAN,101,08:53:54,51.79321,-2.62628,253,3,9,5.0
$$SDEAN,102,08:54:09,51.79319,-2.62626,254,3,6,5.0
$$SDEAN,103,08:54:23,51.79321,-2.62630,259,3,9,5.0
$$SDEAN,104,08:54:37,51.79320,-2.62632,256,3,9,5.0
$$SDEAN,105,08:54:52,51.79321,-2.62628,252,3,9,5.0
$$SDEAN,106,08:55:06,51.79320,-2.62628,256,3,9,5.0
$$SDEAN,107,08:55:20,51.79322,-2.62628,265,3,8,5.0
$$SDEAN,108,08:55:35,51.79323,-2.62629,259,3,9,5.0
$$SDEAN,109,08:55:49,51.79325,-2.62629,261,3,9,5.0
$$SDEAN,110,08:56:03,51.79323,-2.62631,262,3,7,5.0
$$SDEAN,111,08:56:18,51.79321,-2.62635,255,3,9,5.0
$$SDEAN,112,08:56:32,51.79320,-2.62635,256,3,9,5.0
$$SDEAN,113,08:56:46,51.79320,-2.62636,257,3,9,5.0
$$SDEAN,114,08:57:01,51.79322,-2.62632,260,3,9,5.0
$$SDEAN,115,08:57:15,51.79321,-2.62633,257,3,9,5.0
$$SDEAN,116,08:57:29,51.79323,-2.62635,259,3,8,5.0
$$SDEAN,117,08:57:44,51.79323,-2.62633,257,3,9,5.0
$$SDEAN,118,08:57:58,51.79324,-2.62634,256,3,9,5.0
$$SDEAN,119,08:58:12,51.79322,-2.62637,257,3,9,5.0
$$SDEAN,120,08:58:27,51.79323,-2.62634,258,3,9,5.0
$$SDEAN,121,08:58:41,51.79322,-2.62636,261,3,9,5.0
$$SDEAN,122,08:58:55,51.79322,-2.62638,261,3,8,5.0
$$SDEAN,123,08:59:10,51.79322,-2.62636,259,3,9,5.0
$$SDEAN,124,08:59:24,51.79322,-2.62635,257,3,9,5.0
$$SDEAN,125,08:59:38,51.79321,-2.62636,258,3,9,5.0
$$SDEAN,126,08:59:53,51.79320,-2.62633,254,3,8,5.0
$$SDEAN,127,09:00:07,51.79319,-2.62632,250,3,9,5.0
$$SDEAN,128,09:00:21,51.79318,-2.62628,250,3,9,5.0
$$SDEAN,129,09:00:35,51.79320,-2.62625,245,3,5,5.0
$$SDEAN,130,09:00:50,51.79319,-2.62629,244,3,8,5.0
$$SDEAN,131,09:01:04,51.79318,-2.62628,251,3,9,5.0
$$SDEAN,132,09:01:18,51.79322,-2.62635,255,3,9,5.0
$$SDEAN,133,09:01:33,51.79326,-2.62645,259,3,9,5.0
$$SDEAN,134,09:01:47,51.79326,-2.62646,259,3,9,5.0
$$SDEAN,135,09:02:01,51.79328,-2.62648,258,3,8,5.0
$$SDEAN,136,09:02:16,51.79327,-2.62646,255,3,9,5.0
$$SDEAN,137,09:02:30,51.79328,-2.62647,257,3,9,5.0
$$SDEAN,138,09:02:44,51.79328,-2.62647,252,3,9,5.0
$$SDEAN,139,09:02:59,51.79329,-2.62646,260,3,9,5.0
$$SDEAN,140,09:03:13,51.79328,-2.62649,261,3,9,5.0
$$SDEAN,141,09:03:27,51.79327,-2.62648,258,3,9,5.0
$$SDEAN,142,09:03:42,51.79327,-2.62647,254,3,9,5.0
$$SDEAN,143,09:03:56,51.79327,-2.62649,258,3,8,5.0
$$SDEAN,144,09:04:10,51.79326,-2.62650,252,3,9,5.0
$$SDEAN,145,09:04:25,51.79326,-2.62648,256,3,8,5.0
$$SDEAN,146,09:04:39,51.79328,-2.62643,257,3,9,5.0
$$SDEAN,147,09:04:53,51.79326,-2.62640,249,3,9,5.0
$$SDEAN,148,09:05:08,51.79324,-2.62642,246,3,10,5.0
$$SDEAN,149,09:05:22,51.79325,-2.62642,250,3,9,5.0
$$SDEAN,150,09:05:36,51.79326,-2.62640,253,3,10,5.0
$$SDEAN,151,09:05:51,51.79330,-2.62641,259,3,10,5.0
$$SDEAN,152,09:06:05,51.79333,-2.62645,263,3,10,5.0
$$SDEAN,153,09:06:20,51.79330,-2.62645,262,3,10,5.0
$$SDEAN,154,09:06:34,51.79330,-2.62646,262,3,10,5.0
$$SDEAN,155,09:06:49,51.79327,-2.62648,259,3,10,5.0
$$SDEAN,156,09:07:03,51.79328,-2.62650,263,3,10,5.0
$$SDEAN,157,09:07:18,51.79326,-2.62648,261,3,9,5.0
$$SDEAN,158,09:07:32,51.79320,-2.62648,258,3,10,5.0
$$SDEAN,159,09:07:47,51.79327,-2.62669,257,3,10,5.0
$$SDEAN,160,09:08:01,51.79328,-2.62677,255,3,10,5.0
$$SDEAN,161,09:08:16,51.79328,-2.62680,256,3,10,5.0
$$SDEAN,162,09:08:30,51.79329,-2.62685,260,3,10,5.0
$$SDEAN,163,09:08:45,51.79335,-2.62706,259,3,10,5.0
$$SDEAN,164,09:08:59,51.79341,-2.62725,260,3,10,5.0
$$SDEAN,165,09:09:14,51.79343,-2.62746,259,3,10,5.0
$$SDEAN,166,09:09:28,51.79342,-2.62749,257,3,10,5.0
$$SDEAN,167,09:09:43,51.79343,-2.62750,261,3,10,5.0
$$SDEAN,168,09:09:58,51.79340,-2.62750,259,3,10,5.0
$$SDEAN,169,09:10:12,51.79340,-2.62751,260,3,9,5.0
$$SDEAN,170,09:10:26,51.79341,-2.62747,263,3,10,5.0
$$SDEAN,171,09:10:41,51.79341,-2.62746,264,3,10,5.0
$$SDEAN,172,09:10:55,51.79340,-2.62748,263,3,10,5.0
$$SDEAN,173,09:11:10,51.79340,-2.62749,266,3,9,5.0
$$SDEAN,174,09:11:24,51.79333,-2.62747,265,3,10,5.0
$$SDEAN,175,09:11:39,51.79333,-2.62751,265,3,10,5.0
$$SDEAN,176,09:11:53,51.79334,-2.62754,261,3,10,5.0
$$SDEAN,177,09:12:08,51.79336,-2.62762,260,3,8,5.0
$$SDEAN,178,09:12:22,51.79337,-2.62766,260,3,10,5.0
$$SDEAN,179,09:12:37,51.79337,-2.62766,262,3,9,5.0
$$SDEAN,180,09:12:51,51.79337,-2.62768,260,3,9,5.0
$$SDEAN,181,09:13:05,51.79337,-2.62768,259,3,10,5.0
$$SDEAN,182,09:13:20,51.79341,-2.62770,259,3,10,5.0
$$SDEAN,183,09:13:34,51.79343,-2.62770,258,3,10,5.0
$$SDEAN,184,09:13:49,51.79345,-2.62768,260,3,10,5.0
$$SDEAN,185,09:14:03,51.79392,-2.62730,313,3,10,5.0
$$SDEAN,186,09:14:18,51.79478,-2.62686,385,3,10,5.0
$$SDEAN,187,09:14:32,51.79521,-2.62638,435,3,10,5.0
$$SDEAN,188,09:14:47,51.79581,-2.62598,495,3,10,5.0
$$SDEAN,189,09:15:01,51.79647,-2.62570,569,3,10,5.0
$$SDEAN,190,09:15:16,51.79730,-2.62525,647,3,10,5.0
$$SDEAN,191,09:15:31,51.79799,-2.62465,729,3,9,5.0
$$SDEAN,192,09:15:45,51.79850,-2.62383,800,3,10,5.0
$$SDEAN,193,09:15:59,51.79914,-2.62313,887,3,11,5.0
$$SDEAN,194,09:16:14,51.79980,-2.62177,969,3,10,5.0
$$SDEAN,195,09:16:28,51.80066,-2.62013,1051,3,11,5.0
$$SDEAN,196,09:16:43,51.80161,-2.61795,1141,3,11,5.0
$$SDEAN,197,09:16:58,51.80245,-2.61603,1223,3,11,5.0
$$SDEAN,198,09:17:13,51.80324,-2.61406,1311,3,11,5.0
$$SDEAN,199,09:17:27,51.80396,-2.61230,1392,3,11,5.0
$$SDEAN,200,09:17:42,51.80503,-2.61041,1481,3,11,5.0
$$SDEAN,201,09:17:57,51.80594,-2.60855,1568,3,11,5.0
$$SDEAN,202,09:18:12,51.80670,-2.60688,1648,3,11,5.0
$$SDEAN,203,09:18:26,51.80728,-2.60522,1731,3,11,5.0
$$SDEAN,204,09:18:41,51.80801,-2.60344,1820,3,11,5.0
$$SDEAN,205,09:18:56,51.80854,-2.60185,1907,3,11,5.0
$$SDEAN,206,09:19:10,51.80911,-2.60027,1983,3,11,5.0
$$SDEAN,207,09:19:25,51.80984,-2.59847,2065,3,11,5.0
$$SDEAN,208,09:19:40,51.81024,-2.59639,2146,3,11,5.0
$$SDEAN,209,09:19:55,51.81046,-2.59422,2227,3,11,5.0
$$SDEAN,210,09:20:09,51.81094,-2.59196,2307,3,11,5.0
$$SDEAN,211,09:20:24,51.81132,-2.58966,2392,3,9,5.0
$$SDEAN,212,09:20:39,51.81170,-2.58723,2472,3,11,5.0
$$SDEAN,213,09:20:53,51.81210,-2.58516,2556,3,11,5.0
$$SDEAN,214,09:21:08,51.81236,-2.58296,2626,3,11,5.0
$$SDEAN,215,09:21:23,51.81252,-2.58127,2706,3,11,5.0
$$SDEAN,216,09:21:37,51.81294,-2.57882,2784,3,11,5.0
$$SDEAN,217,09:21:52,51.81351,-2.57654,2869,3,11,5.0
$$SDEAN,218,09:22:07,51.81406,-2.57394,2955,3,11,5.0
$$SDEAN,219,09:22:22,51.81468,-2.57156,3032,3,11,5.0
$$SDEAN,220,09:22:36,51.81553,-2.56896,3100,3,11,5.0
$$SDEAN,221,09:22:51,51.81607,-2.56661,3174,3,11,5.0
$$SDEAN,222,09:23:06,51.81700,-2.56405,3248,3,11,5.0
$$SDEAN,223,09:23:21,51.81793,-2.56148,3320,3,11,5.0
$$SDEAN,224,09:23:35,51.81898,-2.55926,3383,3,11,5.0
$$SDEAN,225,09:23:50,51.82009,-2.55696,3452,3,11,5.0
$$SDEAN,226,09:24:05,51.82108,-2.55483,3529,3,11,5.0
$$SDEAN,227,09:24:19,51.82225,-2.55209,3585,3,11,5.0
$$SDEAN,228,09:24:34,51.82340,-2.54956,3659,3,11,5.0
$$SDEAN,229,09:24:49,51.82455,-2.54707,3731,3,11,5.0
$$SDEAN,230,09:25:04,51.82611,-2.54511,3802,3,11,5.0
$$SDEAN,231,09:25:18,51.82736,-2.54305,3878,3,11,5.0
$$SDEAN,232,09:25:33,51.82874,-2.54088,3954,3,11,5.0
$$SDEAN,233,09:25:48,51.83035,-2.53864,4027,3,11,5.0
$$SDEAN,234,09:26:03,51.83206,-2.53658,4102,3,11,5.0
$$SDEAN,235,09:26:17,51.83390,-2.53422,4166,3,11,5.0
$$SDEAN,236,09:26:32,51.83535,-2.53179,4238,3,11,5.0
$$SDEAN,237,09:26:47,51.83692,-2.52937,4310,3,11,5.0
$$SDEAN,238,09:27:01,51.83827,-2.52712,4383,3,11,5.0
$$SDEAN,239,09:27:16,51.84002,-2.52460,4458,3,11,5.0
$$SDEAN,240,09:27:31,51.84182,-2.52201,4544,3,11,5.0
$$SDEAN,241,09:27:46,51.84374,-2.51958,4632,3,11,5.0
$$SDEAN,242,09:28:00,51.84559,-2.51724,4703,3,11,5.0
$$SDEAN,243,09:28:15,51.84770,-2.51427,4773,3,11,5.0
$$SDEAN,244,09:28:30,51.84961,-2.51215,4839,3,11,5.0
$$SDEAN,245,09:28:45,51.85160,-2.50968,4908,3,11,5.0
$$SDEAN,246,09:28:59,51.85350,-2.50769,4975,3,11,5.0
$$SDEAN,247,09:29:14,51.85549,-2.50474,5042,3,11,5.0
$$SDEAN,248,09:29:29,51.85737,-2.50182,5121,3,11,5.0
$$SDEAN,249,09:29:43,51.85941,-2.49991,5197,3,11,5.0
$$SDEAN,250,09:29:58,51.86154,-2.49766,5260,3,11,5.0
$$SDEAN,251,09:30:13,51.86394,-2.49559,5321,3,11,5.0
$$SDEAN,252,09:30:28,51.86609,-2.49379,5401,3,11,5.0
$$SDEAN,253,09:30:42,51.86820,-2.49179,5490,3,11,5.0
$$SDEAN,254,09:30:57,51.87066,-2.48986,5575,3,11,5.0
$$SDEAN,255,09:31:12,51.87304,-2.48764,5646,3,11,5.0
$$SDEAN,256,09:31:27,51.87551,-2.48525,5733,3,11,5.0
$$SDEAN,257,09:31:41,51.87786,-2.48381,5808,3,11,5.0
$$SDEAN,258,09:31:56,51.88017,-2.48134,5881,3,11,5.0
$$SDEAN,259,09:32:11,51.88269,-2.47932,5949,3,11,5.0
$$SDEAN,260,09:32:25,51.88533,-2.47746,6025,3,11,5.0
$$SDEAN,261,09:32:40,51.88787,-2.47591,6094,3,11,5.0
$$SDEAN,262,09:32:55,51.89050,-2.47381,6171,3,11,5.0
$$SDEAN,263,09:33:10,51.89285,-2.47168,6239,3,11,5.0
$$SDEAN,264,09:33:24,51.89534,-2.46990,6315,3,11,5.0
$$SDEAN,265,09:33:39,51.89810,-2.46721,6385,3,11,5.0
$$SDEAN,266,09:33:54,51.90086,-2.46496,6464,3,11,5.0
$$SDEAN,267,09:34:09,51.90341,-2.46298,6524,3,11,5.0
$$SDEAN,268,09:34:23,51.90578,-2.46103,6584,3,11,5.0
$$SDEAN,269,09:34:38,51.90831,-2.45859,6637,3,11,5.0
$$SDEAN,270,09:34:53,51.91101,-2.45642,6690,3,11,5.0
$$SDEAN,271,09:35:07,51.91354,-2.45443,6744,3,11,5.0
$$SDEAN,272,09:35:22,51.91616,-2.45195,6799,3,11,5.0
$$SDEAN,273,09:35:37,51.91872,-2.44955,6856,3,11,5.0
$$SDEAN,274,09:35:52,51.92145,-2.44727,6931,3,11,5.0
$$SDEAN,275,09:36:06,51.92385,-2.44482,6998,3,11,5.0
$$SDEAN,276,09:36:21,51.92651,-2.44220,7072,3,11,5.0
$$SDEAN,277,09:36:36,51.92884,-2.43986,7145,3,11,5.0
$$SDEAN,278,09:36:51,51.93149,-2.43678,7223,3,11,5.0
$$SDEAN,279,09:37:05,51.93383,-2.43384,7293,3,11,5.0
$$SDEAN,280,09:37:20,51.93632,-2.43052,7367,3,11,5.0
$$SDEAN,281,09:37:35,51.93869,-2.42751,7431,3,11,5.0
$$SDEAN,282,09:37:49,51.94067,-2.42498,7503,3,11,5.0
$$SDEAN,283,09:38:04,51.94293,-2.42191,7576,3,11,5.0
$$SDEAN,284,09:38:19,51.94513,-2.41823,7641,3,11,5.0
$$SDEAN,285,09:38:34,51.94744,-2.41501,7704,3,11,5.0
$$SDEAN,286,09:38:48,51.94950,-2.41193,7758,3,11,5.0
$$SDEAN,287,09:39:03,51.95191,-2.40855,7814,3,11,5.0
$$SDEAN,288,09:39:18,51.95422,-2.40530,7870,3,11,5.0
$$SDEAN,289,09:39:33,51.95625,-2.40184,7939,3,11,5.0
$$SDEAN,290,09:39:47,51.95840,-2.39892,8015,3,11,5.0
$$SDEAN,291,09:40:02,51.96096,-2.39613,8103,3,11,5.0
$$SDEAN,292,09:40:17,51.96346,-2.39262,8174,3,11,5.0
$$SDEAN,293,09:40:31,51.96560,-2.38959,8244,3,11,5.0
$$SDEAN,294,09:40:46,51.96802,-2.38700,8329,3,11,5.0
$$SDEAN,295,09:41:01,51.97043,-2.38481,8406,3,11,5.0
$$SDEAN,296,09:41:16,51.97286,-2.38274,8468,3,11,5.0
$$SDEAN,297,09:41:30,51.97515,-2.38089,8525,3,11,5.0
$$SDEAN,298,09:41:45,51.97752,-2.37867,8585,3,11,5.0
$$SDEAN,299,09:42:00,51.97988,-2.37638,8648,3,11,5.0
$$SDEAN,300,09:42:15,51.98223,-2.37428,8713,3,11,5.0
$$SDEAN,301,09:42:29,51.98437,-2.37230,8775,3,11,5.0
$$SDEAN,302,09:42:44,51.98664,-2.37003,8839,3,11,5.0
$$SDEAN,303,09:42:59,51.98902,-2.36793,8901,3,11,5.0
$$SDEAN,304,09:43:13,51.99117,-2.36587,8962,3,11,5.0
$$SDEAN,305,09:43:28,51.99351,-2.36358,9028,3,11,5.0
$$SDEAN,306,09:43:43,51.99584,-2.36127,9094,3,11,5.0
$$SDEAN,307,09:43:58,51.99782,-2.35875,9181,3,11,5.0
$$SDEAN,308,09:44:12,51.99982,-2.35651,9255,3,11,5.0
$$SDEAN,309,09:44:27,52.00219,-2.35352,9326,3,11,5.0
$$SDEAN,310,09:44:42,52.00435,-2.35077,9399,3,11,5.0
$$SDEAN,311,09:44:57,52.00670,-2.34805,9460,3,11,5.0
$$SDEAN,312,09:45:11,52.00873,-2.34569,9515,3,11,5.0
$$SDEAN,313,09:45:26,52.01095,-2.34283,9572,3,11,5.0
$$SDEAN,314,09:45:41,52.01330,-2.34020,9633,3,11,5.0
$$SDEAN,315,09:45:55,52.01540,-2.33779,9689,3,11,5.0
$$SDEAN,316,09:46:10,52.01777,-2.33527,9749,3,10,5.0
$$SDEAN,317,09:46:25,52.02031,-2.33259,9806,3,12,5.0
$$SDEAN,318,09:46:40,52.02285,-2.33010,9859,3,12,5.0
$$SDEAN,319,09:46:54,52.02527,-2.32777,9909,3,12,5.0
$$SDEAN,320,09:47:09,52.02769,-2.32538,9975,3,12,5.0
$$SDEAN,321,09:47:24,52.03047,-2.32303,10031,3,11,5.0
$$SDEAN,322,09:47:39,52.03353,-2.32027,10086,3,12,5.0
$$SDEAN,323,09:47:54,52.03650,-2.31777,10144,3,12,5.0
$$SDEAN,324,09:48:09,52.03945,-2.31521,10201,3,12,5.0
$$SDEAN,325,09:48:24,52.04245,-2.31258,10264,3,12,5.0
$$SDEAN,326,09:48:38,52.04510,-2.31003,10322,3,12,5.0
$$SDEAN,327,09:48:53,52.04787,-2.30710,10387,3,12,5.0
$$SDEAN,328,09:49:08,52.05055,-2.30455,10451,3,12,5.0
$$SDEAN,329,09:49:23,52.05290,-2.30167,10513,3,12,5.0
$$SDEAN,330,09:49:38,52.05525,-2.29903,10578,3,12,5.0
$$SDEAN,331,09:49:53,52.05743,-2.29636,10662,3,12,5.0
$$SDEAN,332,09:50:08,52.05910,-2.29344,10730,3,12,5.0
$$SDEAN,333,09:50:23,52.06112,-2.29050,10786,3,12,5.0
$$SDEAN,334,09:50:38,52.06316,-2.28724,10839,3,12,5.0
$$SDEAN,335,09:50:53,52.06490,-2.28419,10893,3,12,5.0
$$SDEAN,336,09:51:08,52.06606,-2.28069,10951,3,12,5.0
$$SDEAN,337,09:51:23,52.06733,-2.27738,11000,3,12,5.0
$$SDEAN,338,09:51:38,52.06860,-2.27374,11049,3,12,5.0
$$SDEAN,339,09:51:53,52.06996,-2.27010,11102,3,12,5.0
$$SDEAN,340,09:52:07,52.07121,-2.26712,11175,3,12,5.0
$$SDEAN,341,09:52:22,52.07236,-2.26344,11236,3,12,5.0
$$SDEAN,342,09:52:37,52.07327,-2.25927,11290,3,12,5.0
$$SDEAN,343,09:52:52,52.07381,-2.25514,11346,3,12,5.0
$$SDEAN,344,09:53:07,52.07413,-2.25079,11421,3,12,5.0
$$SDEAN,345,09:53:22,52.07431,-2.24702,11475,3,12,5.0
$$SDEAN,346,09:53:37,52.07442,-2.24319,11533,3,12,5.0
$$SDEAN,347,09:53:52,52.07452,-2.23918,11591,3,12,5.0
$$SDEAN,348,09:54:07,52.07447,-2.23519,11647,3,12,5.0
$$SDEAN,349,09:54:22,52.07440,-2.23138,11702,3,12,5.0
$$SDEAN,350,09:54:37,52.07420,-2.22763,11756,3,12,5.0
$$SDEAN,351,09:54:52,52.07398,-2.22408,11811,3,12,5.0
$$SDEAN,352,09:55:07,52.07380,-2.22069,11860,3,12,5.0
$$SDEAN,353,09:55:22,52.07355,-2.21749,11909,3,12,5.0
$$SDEAN,354,09:55:36,52.07324,-2.21490,11960,3,11,5.0
$$SDEAN,355,09:55:51,52.07291,-2.21246,12019,3,12,5.0
$$SDEAN,356,09:56:06,52.07240,-2.21035,12070,3,12,5.0
$$SDEAN,357,09:56:21,52.07192,-2.20811,12121,3,12,5.0
$$SDEAN,358,09:56:36,52.07133,-2.20590,12171,3,12,5.0
$$SDEAN,359,09:56:51,52.07082,-2.20339,12224,3,12,5.0
$$SDEAN,360,09:57:06,52.07049,-2.20101,12280,3,12,5.0
$$SDEAN,361,09:57:21,52.07017,-2.19857,12336,3,12,5.0
$$SDEAN,362,09:57:36,52.07011,-2.19625,12390,3,12,5.0
$$SDEAN,363,09:57:51,52.07020,-2.19375,12446,3,12,5.0
$$SDEAN,364,09:58:06,52.07038,-2.19092,12501,3,12,5.0
$$SDEAN,365,09:58:21,52.07046,-2.18809,12556,3,12,5.0
$$SDEAN,366,09:58:36,52.07042,-2.18520,12609,3,12,5.0
$$SDEAN,367,09:58:51,52.07046,-2.18203,12665,3,12,5.0
$$SDEAN,368,09:59:05,52.07021,-2.17912,12714,3,12,5.0
$$SDEAN,369,09:59:20,52.07001,-2.17591,12766,3,12,5.0
$$SDEAN,370,09:59:35,52.06959,-2.17259,12816,3,12,5.0
$$SDEAN,371,09:59:50,52.06918,-2.16962,12867,3,12,5.0
$$SDEAN,372,10:00:05,52.06909,-2.16646,12915,3,12,5.0
$$SDEAN,373,10:00:20,52.06883,-2.16334,12966,3,12,5.0
$$SDEAN,374,10:00:35,52.06864,-2.16043,13014,3,12,5.0
$$SDEAN,375,10:00:50,52.06866,-2.15747,13066,3,11,5.0
$$SDEAN,376,10:01:05,52.06881,-2.15447,13119,3,11,5.0
$$SDEAN,377,10:01:20,52.06885,-2.15129,13175,3,11,5.0
$$SDEAN,378,10:01:35,52.06901,-2.14780,13228,3,11,5.0
$$SDEAN,379,10:01:50,52.06902,-2.14433,13282,3,11,5.0
$$SDEAN,380,10:02:05,52.06894,-2.14085,13335,3,11,5.0
$$SDEAN,381,10:02:19,52.06883,-2.13730,13382,3,11,5.0
$$SDEAN,382,10:02:34,52.06858,-2.13340,13436,3,11,5.0
$$SDEAN,383,10:02:49,52.06815,-2.12955,13489,3,11,5.0
$$SDEAN,384,10:03:04,52.06777,-2.12620,13542,3,11,5.0
$$SDEAN,385,10:03:19,52.06748,-2.12229,13599,3,11,5.0
$$SDEAN,386,10:03:34,52.06717,-2.11846,13652,3,10,5.0
$$SDEAN,387,10:03:49,52.06662,-2.11445,13713,3,11,5.0
$$SDEAN,388,10:04:04,52.06612,-2.11032,13773,3,11,5.0
$$SDEAN,389,10:04:19,52.06555,-2.10595,13835,3,11,5.0
$$SDEAN,390,10:04:34,52.06489,-2.10162,13903,3,11,5.0
$$SDEAN,391,10:04:49,52.06398,-2.09690,13978,3,11,5.0
$$SDEAN,392,10:05:04,52.06315,-2.09176,14051,3,11,5.0
$$SDEAN,393,10:05:19,52.06237,-2.08696,14118,3,11,5.0
$$SDEAN,394,10:05:34,52.06150,-2.08243,14182,3,11,5.0
$$SDEAN,395,10:05:48,52.06100,-2.07856,14240,3,11,5.0
$$SDEAN,396,10:06:03,52.06010,-2.07455,14297,3,11,5.0
$$SDEAN,397,10:06:18,52.05908,-2.07057,14354,3,11,5.0
$$SDEAN,398,10:06:33,52.05829,-2.06664,14412,3,11,5.0
$$SDEAN,399,10:06:48,52.05763,-2.06279,14469,3,11,5.0
$$SDEAN,400,10:07:03,52.05722,-2.05927,14518,3,11,5.0
$$SDEAN,401,10:07:18,52.05694,-2.05559,14570,3,11,5.0
$$SDEAN,402,10:07:33,52.05669,-2.05198,14620,3,11,5.0
$$SDEAN,403,10:07:48,52.05631,-2.04881,14669,3,11,5.0
$$SDEAN,404,10:08:03,52.05581,-2.04580,14721,3,11,5.0
$$SDEAN,405,10:08:18,52.05554,-2.04311,14778,3,11,5.0
$$SDEAN,406,10:08:33,52.05490,-2.04007,14838,3,11,5.0
$$SDEAN,407,10:08:48,52.05394,-2.03686,14902,3,11,5.0
$$SDEAN,408,10:09:03,52.05335,-2.03387,14961,3,11,5.0
$$SDEAN,409,10:09:17,52.05291,-2.03127,15018,3,10,5.0
$$SDEAN,410,10:09:32,52.05257,-2.02876,15084,3,11,5.0
$$SDEAN,411,10:09:47,52.05238,-2.02618,15147,3,11,5.0
$$SDEAN,412,10:10:02,52.05187,-2.02354,15209,3,11,5.0
$$SDEAN,413,10:10:17,52.05126,-2.02118,15269,3,11,5.0
$$SDEAN,414,10:10:32,52.05064,-2.01883,15330,3,11,5.0
$$SDEAN,415,10:10:47,52.05001,-2.01644,15389,3,11,5.0
$$SDEAN,416,10:11:02,52.04935,-2.01442,15447,3,11,5.0
$$SDEAN,417,10:11:17,52.04873,-2.01217,15503,3,11,5.0
$$SDEAN,418,10:11:32,52.04814,-2.00989,15554,3,11,5.0
$$SDEAN,419,10:11:47,52.04773,-2.00716,15604,3,11,5.0
$$SDEAN,420,10:12:02,52.04744,-2.00473,15652,3,11,5.0
$$SDEAN,421,10:12:17,52.04696,-2.00260,15699,3,11,5.0
$$SDEAN,422,10:12:32,52.04653,-2.00049,15745,3,11,5.0
$$SDEAN,423,10:12:46,52.04609,-1.99833,15790,3,11,5.0
$$SDEAN,424,10:13:01,52.04594,-1.99660,15861,3,11,5.0
$$SDEAN,425,10:13:16,52.04593,-1.99474,15929,3,11,5.0
$$SDEAN,426,10:13:31,52.04580,-1.99268,15993,3,11,5.0
$$SDEAN,427,10:13:46,52.04569,-1.99043,16046,3,11,5.0
$$SDEAN,428,10:14:01,52.04539,-1.98804,16093,3,10,5.0
$$SDEAN,429,10:14:16,52.04501,-1.98500,16143,3,9,5.0
$$SDEAN,430,10:14:31,52.04502,-1.98208,16210,3,10,5.0
$$SDEAN,431,10:14:46,52.04507,-1.97965,16278,3,10,5.0
$$SDEAN,432,10:15:01,52.04502,-1.97694,16337,3,10,5.0
$$SDEAN,433,10:15:16,52.04504,-1.97407,16395,3,10,5.0
$$SDEAN,434,10:15:30,52.04521,-1.97104,16450,3,10,5.0
$$SDEAN,435,10:15:45,52.04525,-1.96779,16507,3,10,5.0
$$SDEAN,436,10:16:00,52.04512,-1.96466,16569,3,10,5.0
$$SDEAN,437,10:16:15,52.04491,-1.96098,16629,3,10,5.0
$$SDEAN,438,10:16:30,52.04493,-1.95758,16689,3,10,5.0
$$SDEAN,439,10:16:45,52.04497,-1.95380,16749,3,10,5.0
$$SDEAN,440,10:17:00,52.04514,-1.95026,16808,3,10,5.0
$$SDEAN,441,10:17:15,52.04564,-1.94637,16868,3,10,5.0
$$SDEAN,442,10:17:30,52.04581,-1.94289,16923,3,10,5.0
$$SDEAN,443,10:17:45,52.04585,-1.93901,16980,3,10,5.0
$$SDEAN,444,10:18:00,52.04596,-1.93533,17034,3,10,5.0
$$SDEAN,445,10:18:15,52.04601,-1.93191,17094,3,10,5.0
$$SDEAN,446,10:18:30,52.04621,-1.92819,17151,3,10,5.0
$$SDEAN,447,10:18:45,52.04642,-1.92450,17208,3,10,5.0
$$SDEAN,448,10:18:59,52.04651,-1.92060,17262,3,9,5.0
$$SDEAN,449,10:19:14,52.04653,-1.91630,17319,3,10,5.0
$$SDEAN,450,10:19:29,52.04646,-1.91194,17380,3,10,5.0
$$SDEAN,451,10:19:44,52.04633,-1.90729,17448,3,10,5.0
$$SDEAN,452,10:19:59,52.04618,-1.90290,17515,3,10,5.0
$$SDEAN,453,10:20:14,52.04608,-1.89849,17585,3,10,5.0
$$SDEAN,454,10:20:29,52.04573,-1.89385,17659,3,10,5.0
$$SDEAN,455,10:20:44,52.04547,-1.88958,17728,3,10,5.0
$$SDEAN,456,10:20:59,52.04511,-1.88531,17797,3,10,5.0
$$SDEAN,457,10:21:14,52.04453,-1.88129,17863,3,10,5.0
$$SDEAN,458,10:21:29,52.04433,-1.87769,17928,3,10,5.0
$$SDEAN,459,10:21:43,52.04434,-1.87421,17982,3,10,5.0
$$SDEAN,460,10:21:58,52.04434,-1.87071,18039,3,10,5.0
$$SDEAN,461,10:22:13,52.04443,-1.86731,18094,3,11,5.0
$$SDEAN,462,10:22:28,52.04448,-1.86394,18149,3,11,5.0
$$SDEAN,463,10:22:43,52.04445,-1.86074,18207,3,11,5.0
$$SDEAN,464,10:22:58,52.04451,-1.85749,18264,3,11,5.0
$$SDEAN,465,10:23:13,52.04428,-1.85447,18319,3,11,5.0
$$SDEAN,466,10:23:28,52.04378,-1.85122,18376,3,11,5.0
$$SDEAN,467,10:23:43,52.04281,-1.84769,18432,3,11,5.0
$$SDEAN,468,10:23:58,52.04202,-1.84408,18490,3,11,5.0
$$SDEAN,469,10:24:13,52.04135,-1.84029,18550,3,11,5.0
$$SDEAN,470,10:24:28,52.04083,-1.83644,18614,3,11,5.0
$$SDEAN,471,10:24:43,52.04039,-1.83285,18672,3,11,5.0
$$SDEAN,472,10:24:58,52.04005,-1.82859,18728,3,11,5.0
$$SDEAN,473,10:25:12,52.03948,-1.82503,18782,3,11,5.0
$$SDEAN,474,10:25:27,52.03854,-1.82138,18836,3,11,5.0
$$SDEAN,475,10:25:42,52.03777,-1.81819,18886,3,11,5.0
$$SDEAN,476,10:25:57,52.03712,-1.81578,18944,3,11,5.0
$$SDEAN,477,10:26:12,52.03654,-1.81375,18997,3,11,5.0
$$SDEAN,478,10:26:27,52.03633,-1.81166,19054,3,11,5.0
$$SDEAN,479,10:26:42,52.03616,-1.80994,19114,3,11,5.0
$$SDEAN,480,10:26:57,52.03613,-1.80844,19179,3,10,5.0
$$SDEAN,481,10:27:12,52.03614,-1.80690,19245,3,10,5.0
$$SDEAN,482,10:27:27,52.03632,-1.80564,19315,3,10,5.0
$$SDEAN,483,10:27:42,52.03676,-1.80367,19383,3,10,5.0
$$SDEAN,484,10:27:57,52.03715,-1.80096,19452,3,10,5.0
$$SDEAN,485,10:28:12,52.03738,-1.79827,19525,3,9,5.0
$$SDEAN,486,10:28:26,52.03767,-1.79585,19597,3,10,5.0
$$SDEAN,487,10:28:41,52.03798,-1.79269,19678,3,10,5.0
$$SDEAN,488,10:28:56,52.03824,-1.78986,19755,3,10,5.0
$$SDEAN,489,10:29:11,52.03833,-1.78639,19834,3,10,5.0
$$SDEAN,490,10:29:26,52.03842,-1.78305,19911,3,10,5.0
$$SDEAN,491,10:29:41,52.03839,-1.77937,19984,3,10,5.0
$$SDEAN,492,10:29:56,52.03825,-1.77619,20054,3,10,5.0
$$SDEAN,493,10:30:11,52.03821,-1.77261,20119,3,10,5.0
$$SDEAN,494,10:30:26,52.03820,-1.76947,20179,3,10,5.0
$$SDEAN,495,10:30:41,52.03829,-1.76609,20239,3,10,5.0
$$SDEAN,496,10:30:56,52.03830,-1.76236,20298,3,10,5.0
$$SDEAN,497,10:31:11,52.03871,-1.75903,20360,3,10,5.0
$$SDEAN,498,10:31:26,52.03918,-1.75520,20423,3,9,5.0
$$SDEAN,499,10:31:40,52.03943,-1.75160,20480,3,9,5.0
$$SDEAN,500,10:31:55,52.03976,-1.74755,20542,3,9,5.0
$$SDEAN,501,10:32:10,52.03982,-1.74350,20613,3,9,5.0
$$SDEAN,502,10:32:24,52.03990,-1.74027,20678,3,9,5.0
$$SDEAN,503,10:32:39,52.03984,-1.73655,20752,3,9,5.0
$$SDEAN,504,10:32:54,52.03991,-1.73303,20828,3,9,5.0
$$SDEAN,505,10:33:09,52.04000,-1.72950,20907,3,9,5.0
$$SDEAN,506,10:33:23,52.03981,-1.72648,20976,3,9,5.0
$$SDEAN,507,10:33:38,52.03976,-1.72299,21055,3,9,5.0
$$SDEAN,508,10:33:53,52.03933,-1.71942,21133,3,8,5.0
$$SDEAN,509,10:34:07,52.03877,-1.71546,21201,3,9,5.0
$$SDEAN,510,10:34:22,52.03818,-1.71231,21277,3,9,5.0
$$SDEAN,511,10:34:37,52.03782,-1.70896,21350,3,9,5.0
$$SDEAN,512,10:34:52,52.03774,-1.70608,21421,3,9,5.0
$$SDEAN,513,10:35:06,52.03767,-1.70318,21491,3,9,5.0
$$SDEAN,514,10:35:21,52.03814,-1.70026,21564,3,8,5.0
$$SDEAN,515,10:35:36,52.03887,-1.69772,21637,3,9,5.0
$$SDEAN,516,10:35:51,52.03940,-1.69465,21699,3,9,5.0
$$SDEAN,517,10:36:05,52.03998,-1.69157,21764,3,9,5.0
$$SDEAN,518,10:36:20,52.04027,-1.68830,21827,3,9,5.0
$$SDEAN,519,10:36:35,52.04036,-1.68475,21888,3,9,5.0
$$SDEAN,520,10:36:49,52.04049,-1.68094,21947,3,8,5.0
$$SDEAN,521,10:37:04,52.04063,-1.67687,22010,3,9,5.0
$$SDEAN,522,10:37:19,52.04046,-1.67279,22080,3,9,5.0
$$SDEAN,523,10:37:34,52.04028,-1.66839,22146,3,9,5.0
$$SDEAN,524,10:37:48,52.03993,-1.66492,22216,3,8,5.0
$$SDEAN,525,10:38:03,52.03939,-1.66090,22286,3,9,5.0
$$SDEAN,526,10:38:18,52.03901,-1.65712,22361,3,9,5.0
$$SDEAN,527,10:38:33,52.03841,-1.65352,22438,3,9,5.0
$$SDEAN,528,10:38:47,52.03814,-1.65086,22507,3,9,5.0
$$SDEAN,529,10:39:02,52.03748,-1.64780,22583,3,9,5.0
$$SDEAN,530,10:39:17,52.03702,-1.64504,22662,3,9,5.0
$$SDEAN,531,10:39:31,52.03674,-1.64184,22732,3,9,5.0
$$SDEAN,532,10:39:46,52.03662,-1.63859,22809,3,9,5.0
$$SDEAN,533,10:40:01,52.03690,-1.63516,22885,3,9,5.0
$$SDEAN,534,10:40:16,52.03701,-1.63180,22956,3,9,5.0
$$SDEAN,535,10:40:30,52.03713,-1.62882,23022,3,9,5.0
$$SDEAN,536,10:40:45,52.03741,-1.62565,23090,3,9,5.0
$$SDEAN,537,10:41:00,52.03768,-1.62258,23157,3,9,5.0
$$SDEAN,538,10:41:15,52.03823,-1.61925,23222,3,9,5.0
$$SDEAN,539,10:41:29,52.03868,-1.61630,23283,3,9,5.0
$$SDEAN,540,10:41:44,52.03911,-1.61325,23352,3,8,5.0
$$SDEAN,541,10:41:59,52.03939,-1.60988,23419,3,9,5.0
$$SDEAN,542,10:42:13,52.03959,-1.60684,23479,3,9,5.0
$$SDEAN,543,10:42:28,52.03997,-1.60372,23539,3,9,5.0
$$SDEAN,544,10:42:43,52.04023,-1.60014,23599,3,9,5.0
$$SDEAN,545,10:42:58,52.03991,-1.59654,23658,3,9,5.0
$$SDEAN,546,10:43:12,52.03948,-1.59301,23715,3,9,5.0
$$SDEAN,547,10:43:27,52.03896,-1.58885,23774,3,10,5.0
$$SDEAN,548,10:43:42,52.03816,-1.58447,23844,3,10,5.0
$$SDEAN,549,10:43:57,52.03728,-1.58053,23909,3,10,5.0
$$SDEAN,550,10:44:12,52.03660,-1.57691,23979,3,10,5.0
$$SDEAN,551,10:44:27,52.03614,-1.57365,24046,3,10,5.0
$$SDEAN,552,10:44:42,52.03559,-1.57075,24116,3,10,5.0
$$SDEAN,553,10:44:57,52.03524,-1.56811,24186,3,10,5.0
$$SDEAN,554,10:45:12,52.03485,-1.56514,24260,3,10,5.0
$$SDEAN,555,10:45:26,52.03422,-1.56218,24330,3,10,5.0
$$SDEAN,556,10:45:41,52.03325,-1.55847,24407,3,10,5.0
$$SDEAN,557,10:45:56,52.03214,-1.55478,24486,3,10,5.0
$$SDEAN,558,10:46:11,52.03092,-1.55083,24566,3,10,5.0
$$SDEAN,559,10:46:26,52.02946,-1.54712,24642,3,10,5.0
$$SDEAN,560,10:46:41,52.02817,-1.54328,24721,3,10,5.0
$$SDEAN,561,10:46:56,52.02710,-1.53977,24797,3,10,5.0
$$SDEAN,562,10:47:11,52.02635,-1.53590,24870,3,10,5.0
$$SDEAN,563,10:47:26,52.02605,-1.53208,24937,3,10,5.0
$$SDEAN,564,10:47:41,52.02555,-1.52830,25002,3,10,5.0
$$SDEAN,565,10:47:56,52.02499,-1.52464,25073,3,10,5.0
$$SDEAN,566,10:48:11,52.02441,-1.52108,25138,3,10,5.0
$$SDEAN,567,10:48:26,52.02407,-1.51710,25203,3,10,5.0
$$SDEAN,568,10:48:41,52.02394,-1.51348,25273,3,10,5.0
$$SDEAN,569,10:48:55,52.02377,-1.51000,25347,3,10,5.0
$$SDEAN,570,10:49:10,52.02360,-1.50641,25431,3,10,5.0
$$SDEAN,571,10:49:25,52.02384,-1.50313,25524,3,10,5.0
$$SDEAN,572,10:49:40,52.02455,-1.50072,25618,3,10,5.0
$$SDEAN,573,10:49:55,52.02542,-1.49895,25703,3,10,5.0
$$SDEAN,574,10:50:10,52.02648,-1.49714,25779,3,10,5.0
$$SDEAN,575,10:50:25,52.02760,-1.49532,25855,3,10,5.0
$$SDEAN,576,10:50:40,52.02866,-1.49351,25931,3,10,5.0
$$SDEAN,577,10:50:55,52.02953,-1.49145,26007,3,10,5.0
$$SDEAN,578,10:51:10,52.03026,-1.48926,26084,3,10,5.0
$$SDEAN,579,10:51:25,52.03076,-1.48712,26165,3,10,5.0
$$SDEAN,580,10:51:40,52.03116,-1.48470,26236,3,10,5.0
$$SDEAN,581,10:51:55,52.03136,-1.48232,26316,3,10,5.0
$$SDEAN,582,10:52:10,52.03085,-1.47959,26404,3,10,5.0
$$SDEAN,583,10:52:24,52.03040,-1.47688,26476,3,10,5.0
$$SDEAN,584,10:52:39,52.03037,-1.47360,26559,3,10,5.0
$$SDEAN,585,10:52:54,52.03061,-1.47003,26642,3,10,5.0
$$SDEAN,586,10:53:09,52.03064,-1.46688,26717,3,10,5.0
$$SDEAN,587,10:53:24,52.03057,-1.46319,26796,3,10,5.0
$$SDEAN,588,10:53:39,52.03060,-1.45916,26874,3,9,5.0
$$SDEAN,589,10:53:54,52.03051,-1.45535,26950,3,10,5.0
$$SDEAN,590,10:54:09,52.03027,-1.45111,27026,3,10,5.0
$$SDEAN,591,10:54:24,52.02989,-1.44728,27096,3,10,5.0
$$SDEAN,592,10:54:39,52.02939,-1.44342,27168,3,10,5.0
$$SDEAN,593,10:54:54,52.02904,-1.43959,27241,3,10,5.0
$$SDEAN,594,10:55:08,52.02836,-1.43593,27309,3,9,5.0
$$SDEAN,595,10:55:23,52.02748,-1.43153,27380,3,11,5.0
$$SDEAN,596,10:55:38,52.02656,-1.42779,27449,3,11,5.0
$$SDEAN,597,10:55:53,52.02578,-1.42392,27521,3,11,5.0
$$SDEAN,598,10:56:08,52.02538,-1.42014,27597,3,11,5.0
$$SDEAN,599,10:56:23,52.02488,-1.41651,27669,3,11,5.0
$$SDEAN,600,10:56:38,52.02434,-1.41240,27748,3,11,5.0
$$SDEAN,601,10:56:53,52.02358,-1.40797,27827,3,11,5.0
$$SDEAN,602,10:57:08,52.02252,-1.40286,27902,3,11,5.0
$$SDEAN,603,10:57:23,52.02163,-1.39774,27978,3,11,5.0
$$SDEAN,604,10:57:38,52.02048,-1.39324,28052,3,11,5.0
$$SDEAN,605,10:57:52,52.01959,-1.38869,28118,3,11,5.0
$$SDEAN,606,10:58:07,52.01871,-1.38429,28189,3,11,5.0
$$SDEAN,607,10:58:22,52.01757,-1.37947,28254,3,11,5.0
$$SDEAN,608,10:58:37,52.01643,-1.37457,28324,3,11,5.0
$$SDEAN,609,10:58:52,52.01484,-1.36955,28388,3,11,5.0
$$SDEAN,610,10:59:07,52.01310,-1.36428,28455,3,11,5.0
$$SDEAN,611,10:59:22,52.01115,-1.35957,28525,3,11,5.0
$$SDEAN,612,10:59:37,52.00912,-1.35442,28602,3,11,5.0
$$SDEAN,613,10:59:52,52.00716,-1.34940,28682,3,10,5.0
$$SDEAN,614,11:00:07,52.00508,-1.34474,28770,3,11,5.0
$$SDEAN,615,11:00:22,52.00340,-1.34034,28853,3,11,5.0
$$SDEAN,616,11:00:37,52.00177,-1.33634,28941,3,11,5.0
$$SDEAN,617,11:00:52,52.00038,-1.33228,29026,3,11,5.0
$$SDEAN,618,11:01:07,51.99903,-1.32878,29111,3,11,5.0
$$SDEAN,619,11:01:21,51.99764,-1.32545,29187,3,11,5.0
$$SDEAN,620,11:01:36,51.99641,-1.32206,29266,3,11,5.0
$$SDEAN,621,11:01:51,51.99518,-1.31835,29340,3,11,5.0
$$SDEAN,622,11:02:06,51.99430,-1.31448,29411,3,11,5.0
$$SDEAN,623,11:02:21,51.99340,-1.31093,29480,3,11,5.0
$$SDEAN,624,11:02:36,51.99257,-1.30695,29543,3,11,5.0
$$SDEAN,625,11:02:51,51.99186,-1.30323,29606,3,11,5.0
$$SDEAN,626,11:03:06,51.99098,-1.29915,29669,3,11,5.0
$$SDEAN,627,11:03:21,51.99048,-1.29498,29732,3,11,5.0
$$SDEAN,628,11:03:36,51.98991,-1.29098,29799,3,10,5.0
$$SDEAN,629,11:03:51,51.98961,-1.28716,29870,3,10,5.0
$$SDEAN,630,11:04:06,51.98919,-1.28350,29939,3,10,5.0
$$SDEAN,631,11:04:21,51.98844,-1.27958,30012,3,10,5.0
$$SDEAN,632,11:04:36,51.98752,-1.27590,30092,3,10,5.0
$$SDEAN,633,11:04:50,51.98633,-1.27235,30172,3,10,5.0
$$SDEAN,634,11:05:05,51.98499,-1.26870,30260,3,10,5.0
$$SDEAN,635,11:05:20,51.98331,-1.26481,30352,3,10,5.0
$$SDEAN,636,11:05:35,51.98149,-1.26120,30438,3,10,5.0
$$SDEAN,637,11:05:50,51.97941,-1.25768,30519,3,10,5.0
$$SDEAN,638,11:06:05,51.97781,-1.25410,30596,3,10,5.0
$$SDEAN,639,11:06:20,51.97615,-1.25089,30667,3,10,5.0
$$SDEAN,640,11:06:35,51.97481,-1.24759,30739,3,10,5.0
$$SDEAN,641,11:06:50,51.97335,-1.24521,30812,3,10,5.0
$$SDEAN,642,11:07:05,51.97225,-1.24282,30884,3,10,5.0
$$SDEAN,643,11:07:20,51.97121,-1.24065,30962,3,10,5.0
$$SDEAN,644,11:07:35,51.97022,-1.23811,31036,3,10,5.0
$$SDEAN,645,11:07:50,51.96940,-1.23516,31105,3,10,5.0
$$SDEAN,646,11:08:04,51.96838,-1.23190,31170,3,10,5.0
$$SDEAN,647,11:08:19,51.96722,-1.22866,31233,3,10,5.0
$$SDEAN,648,11:08:34,51.96573,-1.22522,31294,3,10,5.0
$$SDEAN,649,11:08:49,51.96428,-1.22202,31348,3,10,5.0
$$SDEAN,650,11:09:04,51.96229,-1.21843,31411,3,10,5.0
$$SDEAN,651,11:09:19,51.96025,-1.21493,31473,3,10,5.0
$$SDEAN,652,11:09:34,51.95868,-1.21138,31530,3,10,5.0
$$SDEAN,653,11:09:49,51.95713,-1.20758,31590,3,10,5.0
$$SDEAN,654,11:10:04,51.95548,-1.20394,31662,3,10,5.0
$$SDEAN,655,11:10:19,51.95405,-1.20022,31739,3,10,5.0
$$SDEAN,656,11:10:34,51.95257,-1.19670,31816,3,10,5.0
$$SDEAN,657,11:10:49,51.95109,-1.19325,31896,3,10,5.0
$$SDEAN,658,11:11:04,51.94964,-1.18959,31975,3,10,5.0
$$SDEAN,659,11:11:19,51.94801,-1.18623,32054,3,10,5.0
$$SDEAN,660,11:11:33,51.94642,-1.18278,32127,3,10,5.0
$$SDEAN,661,11:11:48,51.94502,-1.17893,31643,3,10,5.0
$$SDEAN,662,11:12:03,51.94320,-1.17545,30803,3,10,5.0
$$SDEAN,663,11:12:18,51.94192,-1.17228,29992,3,10,5.0
$$SDEAN,664,11:12:33,51.94088,-1.16865,29218,3,10,5.0
$$SDEAN,665,11:12:48,51.93932,-1.16483,28490,3,10,5.0
$$SDEAN,666,11:13:03,51.93859,-1.16034,27802,3,10,5.0
$$SDEAN,667,11:13:18,51.93803,-1.15624,27140,3,10,5.0
$$SDEAN,668,11:13:33,51.93735,-1.15217,26509,3,10,5.0
$$SDEAN,669,11:13:48,51.93705,-1.14906,25924,3,10,5.0
$$SDEAN,670,11:14:03,51.93727,-1.14607,25361,3,10,5.0
$$SDEAN,671,11:14:18,51.93722,-1.14309,24823,3,10,5.0
$$SDEAN,672,11:14:33,51.93650,-1.14021,24293,3,10,5.0
$$SDEAN,673,11:14:48,51.93597,-1.13755,23788,3,10,5.0
$$SDEAN,674,11:15:02,51.93576,-1.13456,23345,3,10,5.0
$$SDEAN,675,11:15:17,51.93617,-1.13120,22878,3,10,5.0
$$SDEAN,676,11:15:32,51.93621,-1.12796,22418,3,10,5.0
$$SDEAN,677,11:15:47,51.93612,-1.12427,21971,3,10,5.0
$$SDEAN,678,11:16:02,51.93647,-1.12130,21528,3,10,5.0
$$SDEAN,679,11:16:17,51.93608,-1.11837,21106,3,10,5.0
$$SDEAN,680,11:16:32,51.93584,-1.11551,20710,3,10,5.0
$$SDEAN,681,11:16:47,51.93588,-1.11183,20325,3,10,5.0
$$SDEAN,682,11:17:02,51.93597,-1.10867,19958,3,10,5.0
$$SDEAN,683,11:17:17,51.93677,-1.10474,19613,3,10,5.0
$$SDEAN,684,11:17:32,51.93696,-1.10212,19270,3,10,5.0
$$SDEAN,685,11:17:47,51.93738,-1.10023,18946,3,10,5.0
$$SDEAN,686,11:18:02,51.93690,-1.09704,18611,3,10,5.0
$$SDEAN,687,11:18:17,51.93605,-1.09349,18301,3,10,5.0
$$SDEAN,688,11:18:31,51.93621,-1.09048,18011,3,10,5.0
$$SDEAN,689,11:18:46,51.93573,-1.08703,17702,3,10,5.0
$$SDEAN,690,11:19:01,51.93544,-1.08346,17403,3,10,5.0
$$SDEAN,691,11:19:16,51.93496,-1.07961,17124,3,10,5.0
$$SDEAN,692,11:19:31,51.93480,-1.07605,16838,3,10,5.0
$$SDEAN,693,11:19:46,51.93478,-1.07251,16578,3,10,5.0
$$SDEAN,694,11:20:01,51.93436,-1.06866,16304,3,10,5.0
$$SDEAN,695,11:20:16,51.93418,-1.06484,16034,3,10,5.0
$$SDEAN,696,11:20:31,51.93427,-1.06194,15786,3,10,5.0
$$SDEAN,697,11:20:46,51.93414,-1.05939,15549,3,10,5.0
$$SDEAN,698,11:21:01,51.93391,-1.05703,15319,3,11,5.0
$$SDEAN,699,11:21:16,51.93402,-1.05548,15091,3,11,5.0
$$SDEAN,700,11:21:31,51.93359,-1.05351,14866,3,11,5.0
$$SDEAN,701,11:21:46,51.93335,-1.05081,14641,3,11,5.0
$$SDEAN,702,11:22:00,51.93291,-1.04809,14435,3,11,5.0
$$SDEAN,703,11:22:15,51.93245,-1.04546,14213,3,11,5.0
$$SDEAN,704,11:22:30,51.93168,-1.04216,13986,3,11,5.0
$$SDEAN,705,11:22:45,51.93067,-1.03863,13768,3,11,5.0
$$SDEAN,706,11:23:00,51.93027,-1.03546,13553,3,11,5.0
$$SDEAN,707,11:23:15,51.92981,-1.03171,13346,3,11,5.0
$$SDEAN,708,11:23:30,51.92954,-1.02762,13149,3,11,5.0
$$SDEAN,709,11:23:45,51.92966,-1.02375,12952,3,11,5.0
$$SDEAN,710,11:24:00,51.92950,-1.02012,12757,3,11,5.0
$$SDEAN,711,11:24:15,51.92952,-1.01675,12564,3,11,5.0
$$SDEAN,712,11:24:30,51.92970,-1.01363,12380,3,10,5.0
$$SDEAN,713,11:24:45,51.92989,-1.01097,12189,3,10,5.0
$$SDEAN,714,11:25:00,51.92999,-1.00942,11996,3,10,5.0
$$SDEAN,715,11:25:15,51.92961,-1.00707,11805,3,10,5.0
$$SDEAN,716,11:25:29,51.92952,-1.00465,11625,3,10,5.0
$$SDEAN,717,11:25:44,51.92989,-1.00178,11436,3,10,5.0
$$SDEAN,718,11:25:59,51.93083,-0.99860,11249,3,10,5.0
$$SDEAN,719,11:26:14,51.93198,-0.99536,11072,3,10,5.0
$$SDEAN,720,11:26:29,51.93337,-0.99192,10897,3,10,5.0
$$SDEAN,721,11:26:44,51.93517,-0.98891,10722,3,10,5.0
$$SDEAN,722,11:26:59,51.93769,-0.98595,10563,3,9,5.0
$$SDEAN,723,11:27:14,51.93954,-0.98305,10418,3,10,5.0
$$SDEAN,724,11:27:29,51.94204,-0.98069,10259,3,10,5.0
$$SDEAN,725,11:27:44,51.94502,-0.97779,10111,3,10,5.0
$$SDEAN,726,11:27:59,51.94736,-0.97526,9947,3,10,5.0
$$SDEAN,727,11:28:13,51.94948,-0.97337,9795,3,10,5.0
$$SDEAN,728,11:28:28,51.95212,-0.97102,9650,3,10,5.0
$$SDEAN,729,11:28:43,51.95426,-0.96888,9506,3,10,5.0
$$SDEAN,730,11:28:57,51.95640,-0.96672,9363,3,10,5.0
$$SDEAN,731,11:29:12,51.95829,-0.96439,9205,3,10,5.0
$$SDEAN,732,11:29:27,51.96016,-0.96204,9056,3,10,5.0
$$SDEAN,733,11:29:42,51.96222,-0.95978,8915,3,10,5.0
$$SDEAN,734,11:29:56,51.96407,-0.95753,8780,3,9,5.0
$$SDEAN,735,11:30:11,51.96628,-0.95550,8647,3,10,5.0
$$SDEAN,736,11:30:26,51.96807,-0.95299,8516,3,10,5.0
$$SDEAN,737,11:30:40,51.97070,-0.95064,8398,3,10,5.0
$$SDEAN,738,11:30:55,51.97319,-0.94707,8272,3,10,5.0
$$SDEAN,739,11:31:10,51.97541,-0.94402,8146,3,10,5.0
$$SDEAN,740,11:31:25,51.97737,-0.94218,8023,3,10,5.0
$$SDEAN,741,11:31:39,51.98006,-0.94058,7903,3,10,5.0
$$SDEAN,742,11:31:54,51.98220,-0.93876,7778,3,10,5.0
$$SDEAN,743,11:32:09,51.98497,-0.93674,7648,3,10,5.0
$$SDEAN,744,11:32:23,51.98759,-0.93476,7521,3,10,5.0
$$SDEAN,745,11:32:38,51.99012,-0.93237,7392,3,10,5.0
$$SDEAN,746,11:32:53,51.99275,-0.93045,7272,3,10,5.0
$$SDEAN,747,11:33:08,51.99537,-0.92839,7152,3,10,5.0
$$SDEAN,748,11:33:22,51.99780,-0.92652,7038,3,10,5.0
$$SDEAN,749,11:33:37,52.00036,-0.92480,6907,3,10,5.0
$$SDEAN,750,11:33:52,52.00320,-0.92306,6777,3,9,5.0
$$SDEAN,751,11:34:06,52.00549,-0.92142,6655,3,10,5.0
$$SDEAN,752,11:34:21,52.00808,-0.91955,6536,3,10,5.0
$$SDEAN,753,11:34:36,52.01044,-0.91752,6414,3,10,5.0
$$SDEAN,754,11:34:50,52.01275,-0.91585,6304,3,10,5.0
$$SDEAN,755,11:35:05,52.01519,-0.91397,6187,3,10,5.0
$$SDEAN,756,11:35:20,52.01747,-0.91216,6065,3,10,5.0
$$SDEAN,757,11:35:35,52.01985,-0.90993,5946,3,10,5.0
$$SDEAN,758,11:35:49,52.02190,-0.90775,5834,3,9,5.0
$$SDEAN,759,11:36:04,52.02415,-0.90550,5716,3,10,5.0
$$SDEAN,760,11:36:19,52.02591,-0.90295,5602,3,10,5.0
$$SDEAN,761,11:36:33,52.02792,-0.90042,5494,3,10,5.0
$$SDEAN,762,11:36:48,52.02958,-0.89840,5380,3,10,5.0
$$SDEAN,763,11:37:03,52.03096,-0.89620,5264,3,10,5.0
$$SDEAN,764,11:37:18,52.03288,-0.89360,5149,3,10,5.0
$$SDEAN,765,11:37:32,52.03428,-0.89139,5042,3,10,5.0
$$SDEAN,766,11:37:47,52.03603,-0.88917,4920,3,10,5.0
$$SDEAN,767,11:38:02,52.03749,-0.88711,4803,3,10,5.0
$$SDEAN,768,11:38:17,52.03932,-0.88418,4689,3,10,5.0
$$SDEAN,769,11:38:31,52.04095,-0.88262,4583,3,10,5.0
$$SDEAN,770,11:38:46,52.04267,-0.87970,4471,3,10,5.0
$$SDEAN,771,11:39:01,52.04417,-0.87799,4358,3,10,5.0
$$SDEAN,772,11:39:15,52.04560,-0.87585,4256,3,10,5.0
$$SDEAN,773,11:39:30,52.04720,-0.87416,4145,3,10,5.0
$$SDEAN,774,11:39:45,52.04861,-0.87209,4029,3,10,5.0
$$SDEAN,775,11:40:00,52.05012,-0.86969,3920,3,10,5.0
$$SDEAN,776,11:40:14,52.05107,-0.86767,3829,3,10,5.0
$$SDEAN,777,11:40:29,52.05225,-0.86556,3730,3,10,5.0
$$SDEAN,778,11:40:44,52.05367,-0.86409,3634,3,10,5.0
$$SDEAN,779,11:40:59,52.05524,-0.86195,3540,3,10,5.0
$$SDEAN,780,11:41:13,52.05625,-0.86023,3451,3,10,5.0
$$SDEAN,781,11:41:28,52.05732,-0.85776,3359,3,10,5.0
$$SDEAN,782,11:41:43,52.05799,-0.85597,3270,3,10,5.0
$$SDEAN,783,11:41:57,52.05897,-0.85442,3189,3,10,5.0
$$SDEAN,784,11:42:12,52.06001,-0.85189,3096,3,10,5.0
$$SDEAN,785,11:42:27,52.06076,-0.84995,2999,3,10,5.0
$$SDEAN,786,11:42:42,52.06154,-0.84820,2907,3,10,5.0
$$SDEAN,787,11:42:56,52.06197,-0.84692,2820,3,10,5.0
$$SDEAN,788,11:43:11,52.06237,-0.84473,2733,3,10,5.0
$$SDEAN,789,11:43:26,52.06267,-0.84383,2645,3,10,5.0
$$SDEAN,790,11:43:40,52.06330,-0.84271,2563,3,10,5.0
$$SDEAN,791,11:43:55,52.06389,-0.84167,2470,3,10,5.0
$$SDEAN,792,11:44:10,52.06427,-0.84108,2378,3,10,5.0
$$SDEAN,793,11:44:25,52.06460,-0.83952,2285,3,10,5.0
$$SDEAN,794,11:44:39,52.06512,-0.83833,2191,3,10,5.0
$$SDEAN,795,11:44:54,52.06545,-0.83680,2102,3,10,5.0
$$SDEAN,796,11:45:09,52.06612,-0.83478,2009,3,10,5.0
$$SDEAN,797,11:45:24,52.06623,-0.83272,1919,3,10,5.0
$$SDEAN,798,11:45:38,52.06669,-0.83152,1833,3,10,5.0
$$SDEAN,799,11:45:53,52.06705,-0.82982,1739,3,9,5.0
$$SDEAN,800,11:46:08,52.06767,-0.82812,1646,3,8,5.0
$$SDEAN,801,11:46:22,52.06844,-0.82692,1560,3,9,5.0
$$SDEAN,802,11:46:37,52.06897,-0.82580,1473,3,9,5.0
$$SDEAN,803,11:46:51,52.06911,-0.82463,1388,3,9,5.0
$$SDEAN,804,11:47:06,52.06951,-0.82383,1299,3,9,5.0
$$SDEAN,805,11:47:20,52.07021,-0.82272,1205,3,9,5.0
$$SDEAN,806,11:47:35,52.07051,-0.82138,1109,3,9,5.0
$$SDEAN,807,11:47:49,52.07144,-0.81997,1018,3,9,5.0
$$SDEAN,808,11:48:04,52.07230,-0.81869,923,3,9,5.0
$$SDEAN,809,11:48:18,52.07315,-0.81678,830,3,9,5.0
$$SDEAN,810,11:48:32,52.07360,-0.81499,735,3,8,5.0
$$SDEAN,811,11:48:47,52.07392,-0.81333,639,3,9,5.0
$$SDEAN,812,11:49:01,52.07435,-0.81264,545,3,9,5.0
$$SDEAN,813,11:49:15,52.07518,-0.81115,455,3,9,5.0
$$SDEAN,814,11:49:30,52.07606,-0.81026,358,3,9,5.0
$$SDEAN,815,11:49:44,52.07679,-0.80865,272,3,9,5.0
$$SDEAN,816,11:49:58,52.07760,-0.80790,185,3,9,5.0
$$SDEAN,817,11:50:13,52.07854,-0.80672,114,3,9,5.0
$$SDEAN,818,11:50:27,52.07854,-0.80670,127,3,9,5.0
$$SDEAN,819,11:50:41,52.07854,-0.80670,131,3,9,5.0
$$SDEAN,820,11:50:56,52.07855,-0.80670,133,3,9,5.0
$$SDEAN,821,11:51:10,52.07859,-0.80663,135,3,9,5.0
$$SDEAN,822,11:51:24,52.07859,-0.80661,133,3,9,5.0
$$SDEAN,823,11:51:39,52.07858,-0.80661,131,3,9,5.0
$$SDEAN,824,11:51:53,52.07858,-0.80661,130,3,9,5.0
$$SDEAN,825,11:52:07,52.07858,-0.80661,130,3,10,5.0
$$SDEAN,826,11:52:22,52.07857,-0.80661,129,3,10,5.0
$$SDEAN,827,11:52:36,52.07858,-0.80661,129,3,10,5.0
$$SDEAN,828,11:52:51,52.07858,-0.80661,129,3,10,5.0
$$SDEAN,829,11:53:05,52.07858,-0.80661,129,3,10,5.0
$$SDEAN,830,11:53:20,52.07858,-0.80661,129,3,10,5.0
$$SDEAN,831,11:53:34,52.07858,-0.80661,130,3,10,5.0
$$SDEAN,832,11:53:49,52.07858,-0.80662,129,3,9,5.0
$$SDEAN,833,11:54:03,52.07858,-0.80662,129,3,10,5.0
$$SDEAN,834,11:54:18,52.07858,-0.80662,130,3,10,5.0
$$SDEAN,835,11:54:32,52.07858,-0.80662,130,3,10,5.0
$$SDEAN,836,11:54:47,52.07858,-0.80662,130,3,10,5.0
$$SDEAN,837,11:55:01,52.07858,-0.80662,130,3,9,5.0
$$SDEAN,838,11:55:16,52.07859,-0.80661,130,3,10,5.0
$$SDEAN,839,11:55:30,52.07858,-0.80661,129,3,9,5.0
$$SDEAN,840,11:55:45,52.07861,-0.80655,130,3,10,5.0
$$SDEAN,841,11:55:59,52.07862,-0.80655,131,3,10,5.0
$$SDEAN,842,11:56:14,52.07862,-0.80655,131,3,10,5.0
$$SDEAN,843,11:56:28,52.07862,-0.80655,131,3,10,5.0
$$SDEAN,844,11:56:43,52.07862,-0.80654,131,3,10,5.0
$$SDEAN,845,11:56:57,52.07862,-0.80653,130,3,10,5.0
$$SDEAN,846,11:57:12,52.07862,-0.80653,131,3,10,5.0
$$SDEAN,847,11:57:26,52.07863,-0.80653,131,3,10,5.0
$$SDEAN,848,11:57:41,52.07862,-0.80653,131,3,10,5.0
$$SDEAN,849,11:57:55,52.07863,-0.80653,131,3,10,5.0
$$SDEAN,850,11:58:10,52.07863,-0.80653,132,3,10,5.0
$$SDEAN,851,11:58:24,52.07863,-0.80653,132,3,10,5.0
$$SDEAN,852,11:58:39,52.07863,-0.80653,131,3,10,5.0
$$SDEAN,853,11:58:53,52.07863,-0.80654,131,3,10,5.0
$$SDEAN,854,11:59:08,52.07862,-0.80653,130,3,10,5.0
$$SDEAN,855,11:59:22,52.07862,-0.80653,130,3,10,5.0
$$SDEAN,856,11:59:37,52.07861,-0.80653,129,3,10,5.0
$$SDEAN,857,11:59:51,52.07861,-0.80653,129,3,9,5.0
$$SDEAN,858,12:00:06,52.07863,-0.80648,128,3,10,5.0
$$SDEAN,859,12:00:20,52.07862,-0.80647,127,3,10,5.0
$$SDEAN,860,12:00:35,52.07862,-0.80647,127,3,10,5.0
$$SDEAN,861,12:00:49,52.07862,-0.80647,127,3,10,5.0
$$SDEAN,862,12:01:04,52.07862,-0.80647,128,3,10,5.0
$$SDEAN,863,12:01:18,52.07862,-0.80647,128,3,10,5.0
$$SDEAN,864,12:01:33,52.07863,-0.80646,128,3,10,5.0
$$SDEAN,865,12:01:47,52.07864,-0.80645,128,3,10,5.0
$$SDEAN,866,12:02:02,52.07864,-0.80645,128,3,10,5.0
$$SDEAN,867,12:02:16,52.07864,-0.80645,128,3,10,5.0
$$SDEAN,868,12:02:31,52.07864,-0.80646,129,3,10,5.0
$$SDEAN,869,12:02:46,52.07864,-0.80646,128,3,10,5.0
$$SDEAN,870,12:03:00,52.07864,-0.80646,128,3,10,5.0
$$SDEAN,871,12:03:15,52.07864,-0.80646,128,3,10,5.0
$$SDEAN,872,12:03:29,52.07864,-0.80646,128,3,10,5.0
$$SDEAN,873,12:03:44,52.07864,-0.80646,127,3,10,5.0
$$SDEAN,874,12:03:58,52.07864,-0.80646,127,3,10,5.0
$$SDEAN,875,12:04:13,52.07864,-0.80646,127,3,10,5.0
$$SDEAN,876,12:04:27,52.07864,-0.80646,127,3,10,5.0
$$SDEAN,877,12:04:42,52.07865,-0.80646,128,3,10,5.0
$$SDEAN,878,12:04:56,52.07864,-0.80646,128,3,10,5.0
$$SDEAN,879,12:05:11,52.07864,-0.80646,128,3,10,5.0
$$SDEAN,880,12:05:25,52.07864,-0.80646,128,3,10,5.0
$$SDEAN,881,12:05:40,52.07865,-0.80646,128,3,10,5.0
$$SDEAN,882,12:05:54,52.07865,-0.80646,128,3,10,5.0
$$SDEAN,883,12:06:09,52.07864,-0.80646,127,3,10,5.0
$$SDEAN,884,12:06:23,52.07864,-0.80646,127,3,10,5.0
$$SDEAN,885,12:06:38,52.07864,-0.80646,127,3,10,5.0
$$SDEAN,886,12:06:52,52.07864,-0.80646,127,3,10,5.0
$$SDEAN,887,12:07:07,52.07864,-0.80646,127,3,10,5.0
$$SDEAN,888,12:07:22,52.07864,-0.80646,127,3,10,5.0
$$SDEAN,889,12:07:36,52.07864,-0.80646,127,3,10,5.0
$$SDEAN,890,12:07:51,52.07864,-0.80646,127,3,10,5.0
$$SDEAN,891,12:08:05,52.07867,-0.80643,127,3,10,5.0
$$SDEAN,892,12:08:20,52.07881,-0.80627,131,3,10,5.0
$$SDEAN,893,12:08:34,52.07881,-0.80625,131,3,10,5.0
$$SDEAN,894,12:08:49,52.07884,-0.80626,130,3,10,5.0
$$SDEAN,895,12:09:03,52.07885,-0.80624,130,3,10,5.0
$$SDEAN,896,12:09:18,52.07894,-0.80620,131,3,10,5.0
$$SDEAN,897,12:09:32,52.07895,-0.80619,131,3,10,5.0
$$SDEAN,898,12:09:47,52.07896,-0.80618,130,3,10,5.0
$$SDEAN,899,12:10:01,52.07898,-0.80616,129,3,10,5.0
$$SDEAN,900,12:10:16,52.07904,-0.80611,129,3,10,5.0
$$SDEAN,901,12:10:30,52.07906,-0.80610,130,3,10,5.0
$$SDEAN,902,12:10:45,52.07906,-0.80610,130,3,10,5.0
$$SDEAN,903,12:10:59,52.07906,-0.80609,130,3,10,5.0
$$SDEAN,904,12:11:14,52.07907,-0.80609,130,3,10,5.0
$$SDEAN,905,12:11:28,52.07907,-0.80609,129,3,10,5.0
$$SDEAN,906,12:11:43,52.07907,-0.80609,130,3,10,5.0
$$SDEAN,907,12:11:58,52.07907,-0.80610,130,3,10,5.0
$$SDEAN,908,12:12:12,52.07908,-0.80610,130,3,10,5.0
$$SDEAN,909,12:12:27,52.07909,-0.80610,131,3,10,5.0
$$SDEAN,910,12:12:41,52.07909,-0.80610,132,3,10,5.0
$$SDEAN,911,12:12:56,52.07909,-0.80610,131,3,10,5.0
$$SDEAN,912,12:13:10,52.07908,-0.80610,131,3,10,5.0
$$SDEAN,913,12:13:25,52.07908,-0.80611,130,3,11,5.0
$$SDEAN,914,12:13:39,52.07908,-0.80611,130,3,11,5.0
$$SDEAN,915,12:13:54,52.07908,-0.80611,130,3,11,5.0
$$SDEAN,916,12:14:08,52.07908,-0.80610,130,3,11,5.0
$$SDEAN,917,12:14:23,52.07908,-0.80610,129,3,11,5.0
$$SDEAN,918,12:14:37,52.07908,-0.80610,130,3,11,5.0
$$SDEAN,919,12:14:52,52.07908,-0.80610,130,3,11,5.0
$$SDEAN,920,12:15:06,52.07909,-0.80609,130,3,11,5.0
$$SDEAN,921,12:15:21,52.07910,-0.80608,130,3,11,5.0
$$SDEAN,922,12:15:35,52.07909,-0.80608,130,3,11,5.0
$$SDEAN,923,12:15:50,52.07909,-0.80607,130,3,11,5.0
$$SDEAN,924,12:16:04,52.07909,-0.80607,130,3,11,5.0
$$SDEAN,925,12:16:19,52.07909,-0.80608,129,3,11,5.0
$$SDEAN,926,12:16:33,52.07909,-0.80608,129,3,11,5.0
$$SDEAN,927,12:16:48,52.07909,-0.80609,129,3,11,5.0
$$SDEAN,928,12:17:03,52.07908,-0.80609,128,3,11,5.0
$$SDEAN,929,12:17:17,52.07907,-0.80608,128,3,11,5.0
$$SDEAN,930,12:17:32,52.07907,-0.80608,128,3,11,5.0
$$SDEAN,931,12:17:46,52.07907,-0.80609,127,3,11,5.0
$$SDEAN,932,12:18:01,52.07908,-0.80609,128,3,10,5.0
$$SDEAN,933,12:18:15,52.07908,-0.80608,129,3,10,5.0
$$SDEAN,934,12:18:30,52.07908,-0.80608,129,3,10,5.0
$$SDEAN,935,12:18:44,52.07908,-0.80608,128,3,10,5.0
$$SDEAN,936,12:18:59,52.07908,-0.80608,128,3,10,5.0
$$SDEAN,937,12:19:13,52.07907,-0.80608,128,3,10,5.0
$$SDEAN,938,12:19:28,52.07908,-0.80608,128,3,10,5.0
$$SDEAN,939,12:19:42,52.07908,-0.80608,129,3,10,5.0
$$SDEAN,940,12:19:57,52.07909,-0.80608,129,3,10,5.0
$$SDEAN,941,12:20:11,52.07909,-0.80608,129,3,10,5.0
$$SDEAN,942,12:20:26,52.07908,-0.80608,129,3,10,5.0
$$SDEAN,943,12:20:40,52.07908,-0.80608,129,3,10,5.0
$$SDEAN,944,12:20:55,52.07908,-0.80608,129,3,10,5.0
$$SDEAN,945,12:21:09,52.07909,-0.80608,129,3,10,5.0
$$SDEAN,946,12:21:24,52.07909,-0.80608,130,3,10,5.0
$$SDEAN,947,12:21:39,52.07909,-0.80608,130,3,10,5.0
$$SDEAN,948,12:21:53,52.07909,-0.80609,130,3,10,5.0
$$SDEAN,949,12:22:08,52.07908,-0.80609,130,3,10,5.0
$$SDEAN,950,12:22:22,52.07908,-0.80609,129,3,10,5.0
$$SDEAN,951,12:22:37,52.07909,-0.80609,129,3,10,5.0
$$SDEAN,952,12:22:51,52.07909,-0.80609,129,3,10,5.0
$$SDEAN,953,12:23:06,52.07909,-0.80609,130,3,10,5.0
$$SDEAN,954,12:23:20,52.07909,-0.80608,130,3,10,5.0
$$SDEAN,955,12:23:35,52.07909,-0.80608,130,3,10,5.0
$$SDEAN,956,12:23:49,52.07909,-0.80608,130,3,10,5.0
$$SDEAN,957,12:24:04,52.07909,-0.80608,130,3,10,5.0
$$SDEAN,958,12:24:18,52.07909,-0.80609,130,3,10,5.0
$$SDEAN,959,12:24:33,52.07909,-0.80609,131,3,10,5.0
$$SDEAN,960,12:24:47,52.07909,-0.80609,131,3,10,5.0
$$SDEAN,961,12:25:02,52.07909,-0.80609,131,3,10,5.0
$$SDEAN,962,12:25:16,52.07909,-0.80609,131,3,11,5.0
$$SDEAN,963,12:25:31,52.07909,-0.80609,130,3,11,5.0
$$SDEAN,964,12:25:45,52.07909,-0.80609,130,3,11,5.0
$$SDEAN,965,12:26:00,52.07909,-0.80609,130,3,11,5.0
$$SDEAN,966,12:26:15,52.07909,-0.80609,130,3,11,5.0
$$SDEAN,967,12:26:29,52.07909,-0.80609,130,3,11,5.0
$$SDEAN,968,12:26:44,52.07909,-0.80608,130,3,11,5.0
$$SDEAN,969,12:26:58,52.07909,-0.80608,129,3,11,5.0
$$SDEAN,970,12:27:13,52.07910,-0.80608,129,3,11,5.0
$$SDEAN,971,12:27:27,52.07910,-0.80608,130,3,11,5.0
$$SDEAN,972,12:27:42,52.07910,-0.80608,130,3,11,5.0
$$SDEAN,973,12:27:56,52.07910,-0.80608,130,3,11,5.0
$$SDEAN,974,12:28:11,52.07910,-0.80608,130,3,11,5.0
$$SDEAN,975,12:28:25,52.07910,-0.80609,131,3,11,5.0
$$SDEAN,976,12:28:40,52.07910,-0.80609,131,3,11,5.0
$$SDEAN,977,12:28:54,52.07910,-0.80608,130,3,11,5.0
$$SDEAN,978,12:29:09,52.07910,-0.80608,131,3,11,5.0
$$SDEAN,979,12:29:23,52.07910,-0.80608,130,3,11,5.0
$$SDEAN,980,12:29:38,52.07910,-0.80608,130,3,11,5.0
$$SDEAN,981,12:29:52,52.07910,-0.80608,130,3,11,5.0
$$SDEAN,982,12:30:07,52.07910,-0.80608,130,3,11,5.0
$$SDEAN,983,12:30:22,52.07911,-0.80609,131,3,11,5.0
$$SDEAN,984,12:30:36,52.07911,-0.80609,131,3,11,5.0
$$SDEAN,985,12:30:51,52.07911,-0.80609,131,3,11,5.0
$$SDEAN,986,12:31:05,52.07910,-0.80609,131,3,11,5.0
$$SDEAN,987,12:31:20,52.07910,-0.80609,131,3,11,5.0
$$SDEAN,988,12:31:34,52.07910,-0.80608,131,3,11,5.0
$$SDEAN,989,12:31:49,52.07910,-0.80608,131,3,11,5.0
$$SDEAN,990,12:32:03,52.07910,-0.80609,131,3,11,5.0
$$SDEAN,991,12:32:18,52.07910,-0.80609,131,3,11,5.0
$$SDEAN,992,12:32:32,52.07910,-0.80609,131,3,11,5.0
$$SDEAN,993,12:32:47,52.07910,-0.80609,132,3,11,5.0
$$SDEAN,994,12:33:01,52.07910,-0.80609,131,3,11,5.0
$$SDEAN,995,12:33:16,52.07910,-0.80608,131,3,11,5.0
$$SDEAN,996,12:33:30,52.07910,-0.80609,131,3,11,5.0
$$SDEAN,997,12:33:45,52.07910,-0.80609,131,3,11,5.0
$$SDEAN,998,12:33:59,52.07910,-0.80610,132,3,11,5.0
$$SDEAN,999,12:34:14,52.07910,-0.80610,132,3,11,5.0
$$SDEAN,1000,12:34:28,52.07910,-0.80610,132,3,11,5.0
$$SDEAN,1001,12:34:43,52.07910,-0.80610,132,3,11,5.0
$$SDEAN,1002,12:34:58,52.07910,-0.80609,132,3,11,5.0
$$SDEAN,1003,12:35:13,52.07910,-0.80610,132,3,11,5.0
$$SDEAN,1004,12:35:27,52.07910,-0.80610,132,3,11,5.0
$$SDEAN,1005,12:35:42,52.07910,-0.80611,134,3,11,5.0
$$SDEAN,1006,12:35:57,52.07910,-0.80611,134,3,11,5.0
$$SDEAN,1007,12:36:12,52.07910,-0.80610,133,3,11,5.0
$$SDEAN,1008,12:36:26,52.07910,-0.80610,133,3,11,5.0
$$SDEAN,1009,12:36:41,52.07910,-0.80609,133,3,11,5.0
$$SDEAN,1010,12:36:56,52.07910,-0.80609,133,3,11,5.0
$$SDEAN,1011,12:37:10,52.07910,-0.80609,133,3,11,5.0
$$SDEAN,1012,12:37:25,52.07910,-0.80610,133,3,11,5.0
$$SDEAN,1013,12:37:40,52.07910,-0.80610,133,3,11,5.0
$$SDEAN,1014,12:37:55,52.07910,-0.80610,133,3,11,5.0
$$SDEAN,1015,12:38:09,52.07910,-0.80610,134,3,11,5.0
$$SDEAN,1016,12:38:24,52.07910,-0.80610,133,3,11,5.0
$$SDEAN,1017,12:38:39,52.07910,-0.80610,133,3,11,5.0
$$SDEAN,1018,12:38:54,52.07910,-0.80610,133,3,11,5.0
$$SDEAN,1019,12:39:08,52.07910,-0.80610,133,3,11,5.0
$$SDEAN,1020,12:39:23,52.07910,-0.80610,134,3,11,5.0
$$SDEAN,1021,12:39:38,52.07910,-0.80610,134,3,11,5.0
$$SDEAN,1022,12:39:52,52.07910,-0.80610,134,3,11,5.0
$$SDEAN,1023,12:40:07,52.07910,-0.80610,134,3,11,5.0
$$SDEAN,1024,12:40:22,52.07910,-0.80610,133,3,11,5.0
$$SDEAN,1025,12:40:37,52.07910,-0.80609,133,3,11,5.0
$$SDEAN,1026,12:40:51,52.07910,-0.80609,133,3,11,5.0
$$SDEAN,1027,12:41:06,52.07910,-0.80609,133,3,11,5.0
$$SDEAN,1028,12:41:21,52.07910,-0.80609,132,3,11,5.0
$$SDEAN,1029,12:41:36,52.07910,-0.80609,133,3,11,5.0
$$SDEAN,1030,12:41:50,52.07910,-0.80609,133,3,11,5.0
$$SDEAN,1031,12:42:05,52.07910,-0.80610,133,3,11,5.0
$$SDEAN,1032,12:42:20,52.07910,-0.80609,133,3,11,5.0
$$SDEAN,1033,12:42:35,52.07910,-0.80610,133,3,11,5.0
$$SDEAN,1034,12:42:49,52.07910,-0.80610,133,3,11,5.0
$$SDEAN,1035,12:43:04,52.07910,-0.80611,134,3,11,5.0
$$SDEAN,1036,12:43:19,52.07911,-0.80610,134,3,10,5.0
$$SDEAN,1037,12:43:33,52.07911,-0.80610,134,3,11,5.0
$$SDEAN,1038,12:43:48,52.07911,-0.80610,134,3,11,5.0
$$SDEAN,1039,12:44:03,52.07910,-0.80610,133,3,11,5.0
$$SDEAN,1040,12:44:18,52.07910,-0.80610,133,3,11,5.0
$$SDEAN,1041,12:44:32,52.07910,-0.80610,134,3,11,5.0
$$SDEAN,1042,12:44:47,52.07911,-0.80610,136,3,11,5.0
$$SDEAN,1043,12:45:02,52.07912,-0.80610,136,3,11,5.0
$$SDEAN,1044,12:45:17,52.07911,-0.80610,136,3,11,5.0
$$SDEAN,1045,12:45:31,52.07914,-0.80603,134,3,11,5.0
$$SDEAN,1046,12:45:46,52.07917,-0.80598,132,3,11,5.0
$$SDEAN,1047,12:46:01,52.07918,-0.80597,135,3,11,5.0
$$SDEAN,1048,12:46:15,52.07919,-0.80595,132,3,10,5.0
$$SDEAN,1049,12:46:30,52.07920,-0.80595,131,3,10,5.0
$$SDEAN,1050,12:46:45,52.07927,-0.80588,133,3,10,5.0
$$SDEAN,1051,12:47:00,52.07938,-0.80573,134,3,10,5.0
$$SDEAN,1052,12:47:14,52.07949,-0.80558,133,3,10,5.0
$$SDEAN,1053,12:47:29,52.07965,-0.80546,134,3,10,5.0
$$SDEAN,1054,12:47:44,52.07979,-0.80531,135,3,10,5.0
$$SDEAN,1055,12:47:59,52.07988,-0.80513,136,3,10,5.0
$$SDEAN,1056,12:48:13,52.07995,-0.80498,135,3,10,5.0
$$SDEAN,1057,12:48:28,52.08002,-0.80480,134,3,10,5.0
$$SDEAN,1058,12:48:43,52.08016,-0.80473,134,3,10,5.0
$$SDEAN,1059,12:48:57,52.08021,-0.80470,133,3,10,5.0
$$SDEAN,1060,12:49:12,52.08021,-0.80469,133,3,10,5.0
$$SDEAN,1061,12:49:27,52.08026,-0.80466,137,3,10,5.0
$$SDEAN,1062,12:49:42,52.08028,-0.80469,136,3,10,5.0
$$SDEAN,1063,12:49:56,52.08030,-0.80463,134,3,8,5.0
$$SDEAN,1064,12:50:11,52.08033,-0.80459,136,3,10,5.0
$$SDEAN,1065,12:50:26,52.08034,-0.80459,133,3,10,5.0
$$SDEAN,1066,12:50:40,52.08032,-0.80458,137,3,10,5.0
$$SDEAN,1067,12:50:55,52.08026,-0.80459,137,3,10,5.0
$$SDEAN,1068,12:51:10,52.08028,-0.80461,139,3,10,5.0
$$SDEAN,1069,12:51:25,52.08033,-0.80461,134,3,10,5.0
$$SDEAN,1070,12:51:39,52.08032,-0.80461,137,3,10,5.0
$$SDEAN,1071,12:51:54,52.08033,-0.80459,137,3,9,5.0
